15
250
5
35

14.05 18.69
47.87 70.52
68.40 46.57
63.52 52.04
15.42 87.54
49.22 49.05
92.63 71.37
9.05 85.06
13.85 12.60
83.70 13.65
40.06 84.67
15.04 13.07
33.34 83.78
59.38 55.70
50.05 65.41

95.44 70.22
51.44 28.93
87.66 41.40
71.56 72.97
1.91 70.65
6.52 52.50
68.20 48.89
89.00 91.66
98.94 13.92
51.47 44.60
80.66 43.97
15.36 21.15
0.09 61.64
41.77 72.73
83.64 68.06
8.17 82.87
21.35 62.96
94.75 38.88
28.40 26.92
28.22 78.39
98.32 1.13
39.81 81.97
15.77 17.69
10.16 25.72
79.48 63.47
63.34 75.29
31.88 59.82
52.61 11.74
70.30 58.80
86.02 16.17
31.60 55.68
58.81 52.85
37.02 43.08
38.78 44.69
25.39 7.83
72.86 67.62
94.02 94.48
66.14 46.04
15.04 60.56
52.28 34.38
64.30 1.50
97.01 91.78
45.58 84.40
70.69 2.21
75.17 43.66
75.39 69.57
7.99 0.43
74.67 90.33
51.85 0.63
21.58 54.40
70.93 62.69
37.19 28.03
10.38 31.02
5.53 77.59
29.70 16.03
52.00 47.78
83.37 15.03
33.12 57.78
0.17 98.69
48.97 2.94
53.63 73.90
18.83 12.25
12.59 61.41
83.81 95.40
42.43 25.90
76.06 89.79
66.55 45.19
54.70 20.96
43.19 17.60
83.62 68.74
8.04 97.33
25.02 76.94
74.93 76.91
3.64 68.17
65.26 22.17
23.37 37.15
15.98 16.59
94.92 66.20
1.79 62.10
5.37 72.19
6.54 51.92
32.91 97.72
17.14 74.33
25.50 93.97
16.01 12.38
36.86 10.52
57.68 32.72
69.98 75.82
36.21 93.52
24.04 45.51
28.98 42.16
52.74 21.64
71.16 86.36
45.98 38.28
0.32 79.54
18.68 66.47
94.60 13.40
34.75 60.60
83.43 50.97
63.18 32.94
76.71 4.14
22.05 51.93
70.65 8.90
37.84 26.18
46.95 23.26
3.42 97.72
59.16 3.16
53.65 32.96
96.69 40.36
14.84 86.75
93.19 63.95
57.28 81.54
15.54 94.53
9.65 34.36
85.69 2.24
69.85 67.45
34.59 19.20
22.17 14.07
2.63 58.60
7.73 76.23
43.04 92.55
60.16 83.13
16.14 51.93
53.14 57.44
54.87 66.70
57.16 66.80
50.23 44.13
52.21 3.17
10.72 3.51
61.11 55.18
48.67 77.20
48.68 69.70
27.66 71.05
53.05 28.01
59.75 23.54
82.12 92.03
89.95 23.03
93.59 65.15
95.24 85.88
70.25 12.29
9.99 10.77
75.76 34.46
57.32 33.08
97.43 20.25
80.49 49.18
14.93 15.96
42.41 38.06
6.01 65.13
90.12 89.77
3.14 17.08
27.72 52.22
81.19 58.69
57.99 93.99
18.95 88.08
7.29 71.89
8.99 87.91
67.47 41.68
76.94 81.30
48.65 89.65
68.76 37.75
47.76 7.68
97.59 23.80
36.24 68.12
7.35 79.43
49.97 48.39
14.62 93.28
40.82 8.03
19.81 96.32
57.57 19.63
36.82 58.57
14.88 60.01
40.27 99.54
37.42 81.95
64.65 47.98
35.77 79.90
14.49 33.43
31.47 66.69
92.08 60.22
26.41 51.65
63.46 83.36
15.59 45.80
79.49 66.60
32.06 28.87
23.19 71.92
7.39 37.34
42.26 56.62
35.75 29.30
46.31 58.94
5.05 94.45
86.42 59.59
83.34 10.46
1.89 65.86
52.31 19.47
83.71 71.98
64.30 65.99
32.34 53.49
27.67 44.24
83.64 11.72
53.60 33.29
24.32 92.99
24.70 59.67
83.60 19.62
67.16 62.32
11.56 87.13
45.45 67.61
85.51 3.23
6.00 66.14
17.64 27.95
59.42 89.72
56.93 69.09
20.32 43.45
24.43 27.24
96.14 47.70
78.25 21.74
57.34 96.01
50.19 12.90
11.84 50.51
38.67 66.89
12.34 83.11
84.87 64.81
36.10 10.56
58.10 71.92
16.91 15.72
88.65 67.14
69.96 34.18
28.22 79.20
7.32 17.00
16.46 75.02
43.39 77.32
26.63 92.93
21.39 79.28
92.85 38.06
35.63 61.66
79.11 19.79
11.45 1.83
38.24 65.46
91.44 33.13
83.16 39.35
94.21 12.96
57.19 35.21
81.73 84.42
34.92 43.54
74.46 91.91
61.21 77.64
12.59 31.46
12.60 13.33
45.89 75.05
68.39 23.47
12.02 85.42
6.03 94.42
