15
150
35

66.43 81.62
75.83 45.47
9.52 85.45
6.04 49.40
73.49 23.05
71.20 82.33
79.11 25.91
42.06 9.43
65.60 85.31
54.14 86.49
56.29 58.33
64.17 27.28
76.75 54.93
53.88 38.18
24.32 55.66

1
9
10
3
4
15
11
14
8
12
5
7
2
13
6
1

17.37 75.15
82.49 75.31
31.90 53.26
14.76 79.26
91.25 79.44
0.94 51.01
29.56 55.99
50.42 31.00
98.26 96.45
44.86 30.35
5.62 80.19
98.38 5.11
23.98 10.47
53.48 52.14
33.00 31.76
97.79 73.51
95.36 4.95
57.25 6.08
81.16 97.92
22.58 40.64
61.90 75.46
91.60 3.65
83.06 90.36
17.60 56.68
32.82 39.46
46.46 18.33
25.75 61.05
19.65 14.13
66.93 80.18
15.59 47.14
25.57 99.40
69.88 84.74
6.94 19.18
0.81 43.97
38.96 13.57
24.92 46.14
69.84 20.69
18.23 39.44
14.25 71.57
47.31 36.17
0.03 97.21
24.26 65.43
94.02 59.63
90.39 33.15
30.40 67.54
44.98 40.90
61.83 74.45
4.73 67.60
1.82 53.47
93.82 37.80
49.23 67.58
78.42 89.37
72.71 32.15
14.52 23.72
21.19 21.55
57.82 75.28
79.02 13.34
38.05 37.35
30.45 64.48
82.27 78.28
52.44 20.92
63.40 63.96
73.89 68.04
39.94 0.71
26.29 86.39
64.42 62.44
62.60 58.96
96.65 61.55
46.83 62.10
15.88 14.25
86.50 9.68
45.42 32.57
51.44 13.37
6.97 2.95
98.35 95.87
0.20 37.94
40.57 20.10
35.62 73.46
62.52 35.68
11.71 66.04
85.27 17.32
17.98 63.37
48.02 43.13
75.40 2.89
8.20 60.80
65.12 85.41
27.67 65.09
7.14 14.23
12.59 94.57
93.65 91.85
11.41 73.23
73.88 49.82
68.83 73.03
90.74 88.36
80.51 86.70
42.03 48.06
77.14 21.69
1.54 89.81
59.32 8.55
16.57 28.98
98.74 92.52
83.91 83.16
18.39 65.71
22.22 38.94
70.09 5.47
86.05 67.58
67.08 1.06
4.60 66.34
94.08 30.66
95.19 10.87
93.34 37.45
14.88 24.33
39.34 15.64
38.43 97.53
82.60 31.91
18.48 47.21
84.35 34.43
66.53 43.44
39.33 76.26
79.38 94.11
51.66 96.32
19.38 32.95
54.07 89.98
20.16 47.90
80.32 82.36
28.92 94.68
13.81 71.72
76.70 21.98
16.13 11.17
88.88 65.17
92.04 92.92
48.56 56.90
14.64 73.89
89.18 38.39
3.85 25.23
83.08 76.54
47.05 92.35
40.45 89.20
60.81 29.96
41.24 71.28
60.78 47.97
30.32 16.10
45.81 27.92
86.45 43.94
72.80 82.78
2.63 20.53
57.37 16.33
40.53 23.57
48.52 63.75
71.97 53.40
